<shapes type=list>
	<ruler.pixel type=vector names=FALSE length=1 as.numeric=TRUE >170</ruler.pixel>
	<ruler.interval type=vector names=FALSE length=1 as.numeric=TRUE >0.1</ruler.interval>
	<scaling.units type=vector names=FALSE length=1 as.numeric=FALSE >cm</scaling.units>
	<scaling type=vector names=FALSE length=1 as.numeric=TRUE >0.000588235294117647</scaling>
	<landmarks.pixel type=matrix rownames=TRUE colnames=FALSE nrow=4 ncol=2 as.numeric=TRUE >
		LM1	155	1902
		LM2	186	1937
		LM3	277	1934
		LM4	318	1892
	</landmarks.pixel>
	<landmarks.scaled type=matrix rownames=TRUE colnames=FALSE nrow=4 ncol=2 as.numeric=TRUE >
		LM1	0.0911764705882353	-1.11882352941176
		LM2	0.109411764705882	-1.13941176470588
		LM3	0.162941176470588	-1.13764705882353
		LM4	0.187058823529412	-1.11294117647059
	</landmarks.scaled>
	<curves.control type=list>
		<C1 type=matrix rownames=FALSE colnames=FALSE nrow=3 ncol=2 as.numeric=TRUE >
			277	1934
			267	1929
			318	1892
		</C1>
	</curves.control>
	<curves.pixel type=list>
		<C1 type=matrix rownames=FALSE colnames=FALSE nrow=54 ncol=2 as.numeric=TRUE >
			277	1934
			276	1934
			276	1933
			275	1932
			275	1931
			276	1930
			276	1929
			277	1928
			277	1927
			278	1926
			279	1925
			279	1924
			280	1923
			281	1922
			282	1922
			283	1921
			284	1920
			284	1919
			285	1918
			286	1918
			286	1917
			287	1916
			288	1916
			289	1915
			290	1914
			290	1913
			291	1913
			292	1912
			293	1911
			294	1910
			295	1910
			296	1909
			297	1908
			298	1907
			299	1906
			300	1906
			301	1905
			302	1904
			303	1903
			304	1902
			305	1902
			306	1901
			307	1900
			308	1899
			309	1899
			310	1898
			311	1897
			312	1897
			313	1896
			314	1895
			315	1894
			316	1894
			317	1893
			318	1892
		</C1>
	</curves.pixel>
	<curves.scaled type=list>
		<C1 type=matrix rownames=FALSE colnames=FALSE nrow=54 ncol=2 as.numeric=TRUE >
			0.162941176470588	-1.13764705882353
			0.162352941176471	-1.13764705882353
			0.162352941176471	-1.13705882352941
			0.161764705882353	-1.13647058823529
			0.161764705882353	-1.13588235294118
			0.162352941176471	-1.13529411764706
			0.162352941176471	-1.13470588235294
			0.162941176470588	-1.13411764705882
			0.162941176470588	-1.13352941176471
			0.163529411764706	-1.13294117647059
			0.164117647058824	-1.13235294117647
			0.164117647058824	-1.13176470588235
			0.164705882352941	-1.13117647058824
			0.165294117647059	-1.13058823529412
			0.165882352941176	-1.13058823529412
			0.166470588235294	-1.13
			0.167058823529412	-1.12941176470588
			0.167058823529412	-1.12882352941176
			0.167647058823529	-1.12823529411765
			0.168235294117647	-1.12823529411765
			0.168235294117647	-1.12764705882353
			0.168823529411765	-1.12705882352941
			0.169411764705882	-1.12705882352941
			0.17	-1.12647058823529
			0.170588235294118	-1.12588235294118
			0.170588235294118	-1.12529411764706
			0.171176470588235	-1.12529411764706
			0.171764705882353	-1.12470588235294
			0.172352941176471	-1.12411764705882
			0.172941176470588	-1.12352941176471
			0.173529411764706	-1.12352941176471
			0.174117647058824	-1.12294117647059
			0.174705882352941	-1.12235294117647
			0.175294117647059	-1.12176470588235
			0.175882352941176	-1.12117647058824
			0.176470588235294	-1.12117647058824
			0.177058823529412	-1.12058823529412
			0.177647058823529	-1.12
			0.178235294117647	-1.11941176470588
			0.178823529411765	-1.11882352941176
			0.179411764705882	-1.11882352941176
			0.18	-1.11823529411765
			0.180588235294118	-1.11764705882353
			0.181176470588235	-1.11705882352941
			0.181764705882353	-1.11705882352941
			0.182352941176471	-1.11647058823529
			0.182941176470588	-1.11588235294118
			0.183529411764706	-1.11588235294118
			0.184117647058824	-1.11529411764706
			0.184705882352941	-1.11470588235294
			0.185294117647059	-1.11411764705882
			0.185882352941176	-1.11411764705882
			0.186470588235294	-1.11352941176471
			0.187058823529412	-1.11294117647059
		</C1>
	</curves.scaled>
	<ruler.points type=matrix rownames=TRUE colnames=FALSE nrow=2 ncol=2 as.numeric=TRUE >
		Ruler point 1	3222	2521
		Ruler point 2	3392	2521
	</ruler.points>
</shapes>

