<shapes type=list>
	<ruler.pixel type=vector names=FALSE length=1 as.numeric=TRUE >248.050398104901</ruler.pixel>
	<ruler.interval type=vector names=FALSE length=1 as.numeric=TRUE >0.1</ruler.interval>
	<scaling.units type=vector names=FALSE length=1 as.numeric=FALSE >cm</scaling.units>
	<scaling type=vector names=FALSE length=1 as.numeric=TRUE >0.000403143880292059</scaling>
	<landmarks.pixel type=matrix rownames=TRUE colnames=FALSE nrow=4 ncol=2 as.numeric=TRUE >
		LM1	292	3004
		LM2	328	3070
		LM3	480	3075
		LM4	579	2986
	</landmarks.pixel>
	<landmarks.scaled type=matrix rownames=TRUE colnames=FALSE nrow=4 ncol=2 as.numeric=TRUE >
		LM1	0.117718013045281	-1.21104421639735
		LM2	0.132231192735796	-1.23765171249662
		LM3	0.193509062540189	-1.23966743189808
		LM4	0.233420306689102	-1.20378762655209
	</landmarks.scaled>
	<curves.control type=list>
		<C1 type=matrix rownames=FALSE colnames=FALSE nrow=5 ncol=2 as.numeric=TRUE >
			480	3075
			466	3059
			524	3019
			557	2999
			579	2986
		</C1>
	</curves.control>
	<curves.pixel type=list>
		<C1 type=matrix rownames=FALSE colnames=FALSE nrow=125 ncol=2 as.numeric=TRUE >
			480	3075
			479	3074
			479	3073
			478	3072
			478	3071
			477	3070
			477	3069
			477	3068
			477	3067
			477	3066
			478	3065
			478	3064
			478	3063
			479	3062
			479	3061
			479	3060
			480	3059
			481	3058
			481	3057
			482	3056
			483	3055
			483	3054
			484	3053
			485	3052
			486	3051
			486	3050
			487	3049
			488	3048
			489	3048
			490	3047
			491	3046
			491	3045
			492	3044
			493	3043
			494	3042
			495	3041
			496	3040
			497	3040
			497	3039
			498	3039
			499	3038
			500	3037
			501	3036
			502	3035
			503	3035
			504	3034
			505	3033
			506	3032
			507	3032
			508	3031
			509	3030
			510	3029
			511	3029
			512	3028
			513	3027
			514	3026
			515	3025
			516	3025
			517	3024
			518	3023
			519	3022
			520	3022
			521	3021
			522	3021
			522	3020
			523	3020
			524	3019
			525	3019
			525	3018
			526	3018
			527	3017
			528	3017
			529	3016
			530	3016
			530	3015
			531	3015
			532	3014
			533	3014
			534	3013
			535	3012
			536	3012
			537	3011
			538	3011
			539	3010
			540	3009
			541	3009
			542	3008
			543	3008
			544	3007
			545	3006
			546	3005
			547	3005
			548	3004
			549	3004
			550	3003
			551	3003
			552	3002
			553	3001
			554	3001
			555	3000
			556	3000
			557	2999
			558	2998
			559	2998
			560	2997
			561	2997
			562	2996
			563	2996
			563	2995
			564	2995
			565	2994
			566	2994
			567	2993
			568	2992
			569	2992
			570	2991
			571	2991
			572	2990
			573	2990
			574	2989
			575	2988
			576	2988
			577	2987
			578	2986
			579	2986
		</C1>
	</curves.pixel>
	<curves.scaled type=list>
		<C1 type=matrix rownames=FALSE colnames=FALSE nrow=125 ncol=2 as.numeric=TRUE >
			0.193509062540189	-1.23966743189808
			0.193105918659896	-1.23926428801779
			0.193105918659896	-1.2388611441375
			0.192702774779604	-1.23845800025721
			0.192702774779604	-1.23805485637691
			0.192299630899312	-1.23765171249662
			0.192299630899312	-1.23724856861633
			0.192299630899312	-1.23684542473604
			0.192299630899312	-1.23644228085575
			0.192299630899312	-1.23603913697545
			0.192702774779604	-1.23563599309516
			0.192702774779604	-1.23523284921487
			0.192702774779604	-1.23482970533458
			0.193105918659896	-1.23442656145429
			0.193105918659896	-1.23402341757399
			0.193105918659896	-1.2336202736937
			0.193509062540189	-1.23321712981341
			0.193912206420481	-1.23281398593312
			0.193912206420481	-1.23241084205283
			0.194315350300773	-1.23200769817253
			0.194718494181065	-1.23160455429224
			0.194718494181065	-1.23120141041195
			0.195121638061357	-1.23079826653166
			0.195524781941649	-1.23039512265137
			0.195927925821941	-1.22999197877107
			0.195927925821941	-1.22958883489078
			0.196331069702233	-1.22918569101049
			0.196734213582525	-1.2287825471302
			0.197137357462817	-1.2287825471302
			0.197540501343109	-1.22837940324991
			0.197943645223401	-1.22797625936961
			0.197943645223401	-1.22757311548932
			0.198346789103693	-1.22716997160903
			0.198749932983985	-1.22676682772874
			0.199153076864277	-1.22636368384844
			0.199556220744569	-1.22596053996815
			0.199959364624861	-1.22555739608786
			0.200362508505154	-1.22555739608786
			0.200362508505154	-1.22515425220757
			0.200765652385446	-1.22515425220757
			0.201168796265738	-1.22475110832728
			0.20157194014603	-1.22434796444698
			0.201975084026322	-1.22394482056669
			0.202378227906614	-1.2235416766864
			0.202781371786906	-1.2235416766864
			0.203184515667198	-1.22313853280611
			0.20358765954749	-1.22273538892582
			0.203990803427782	-1.22233224504552
			0.204393947308074	-1.22233224504552
			0.204797091188366	-1.22192910116523
			0.205200235068658	-1.22152595728494
			0.20560337894895	-1.22112281340465
			0.206006522829242	-1.22112281340465
			0.206409666709534	-1.22071966952436
			0.206812810589827	-1.22031652564406
			0.207215954470119	-1.21991338176377
			0.207619098350411	-1.21951023788348
			0.208022242230703	-1.21951023788348
			0.208425386110995	-1.21910709400319
			0.208828529991287	-1.2187039501229
			0.209231673871579	-1.2183008062426
			0.209634817751871	-1.2183008062426
			0.210037961632163	-1.21789766236231
			0.210441105512455	-1.21789766236231
			0.210441105512455	-1.21749451848202
			0.210844249392747	-1.21749451848202
			0.211247393273039	-1.21709137460173
			0.211650537153331	-1.21709137460173
			0.211650537153331	-1.21668823072144
			0.212053681033623	-1.21668823072144
			0.212456824913915	-1.21628508684114
			0.212859968794207	-1.21628508684114
			0.213263112674499	-1.21588194296085
			0.213666256554792	-1.21588194296085
			0.213666256554792	-1.21547879908056
			0.214069400435084	-1.21547879908056
			0.214472544315376	-1.21507565520027
			0.214875688195668	-1.21507565520027
			0.21527883207596	-1.21467251131998
			0.215681975956252	-1.21426936743968
			0.216085119836544	-1.21426936743968
			0.216488263716836	-1.21386622355939
			0.216891407597128	-1.21386622355939
			0.21729455147742	-1.2134630796791
			0.217697695357712	-1.21305993579881
			0.218100839238004	-1.21305993579881
			0.218503983118296	-1.21265679191851
			0.218907126998588	-1.21265679191851
			0.21931027087888	-1.21225364803822
			0.219713414759172	-1.21185050415793
			0.220116558639464	-1.21144736027764
			0.220519702519757	-1.21144736027764
			0.220922846400049	-1.21104421639735
			0.221325990280341	-1.21104421639735
			0.221729134160633	-1.21064107251705
			0.222132278040925	-1.21064107251705
			0.222535421921217	-1.21023792863676
			0.222938565801509	-1.20983478475647
			0.223341709681801	-1.20983478475647
			0.223744853562093	-1.20943164087618
			0.224147997442385	-1.20943164087618
			0.224551141322677	-1.20902849699589
			0.224954285202969	-1.20862535311559
			0.225357429083261	-1.20862535311559
			0.225760572963553	-1.2082222092353
			0.226163716843845	-1.2082222092353
			0.226566860724137	-1.20781906535501
			0.226970004604429	-1.20781906535501
			0.226970004604429	-1.20741592147472
			0.227373148484722	-1.20741592147472
			0.227776292365014	-1.20701277759443
			0.228179436245306	-1.20701277759443
			0.228582580125598	-1.20660963371413
			0.22898572400589	-1.20620648983384
			0.229388867886182	-1.20620648983384
			0.229792011766474	-1.20580334595355
			0.230195155646766	-1.20580334595355
			0.230598299527058	-1.20540020207326
			0.23100144340735	-1.20540020207326
			0.231404587287642	-1.20499705819297
			0.231807731167934	-1.20459391431267
			0.232210875048226	-1.20459391431267
			0.232614018928518	-1.20419077043238
			0.23301716280881	-1.20378762655209
			0.233420306689102	-1.20378762655209
		</C1>
	</curves.scaled>
	<ruler.points type=matrix rownames=TRUE colnames=FALSE nrow=2 ncol=2 as.numeric=TRUE >
		Ruler point 1	5267	4007
		Ruler point 2	5515	4012
	</ruler.points>
</shapes>

